5200	-3.3884e-05
5100	-3.8904e-05
5000	-2.8033e-05
4900	-3.2782e-05
4800	-3.0728e-05
4700	-3.0839e-05
4600	-3.0838e-05
4500	-3.6128e-05
4400	-2.5908e-05
4300	-3.2852e-05
4200	-2.3625e-05
4100	-3.0367e-05
4000	-3.0978e-05
3900	-2.8594e-05
3800	-2.4195e-05
3700	-2.5258e-05
3600	-2.5357e-05
3500	-2.8714e-05
3400	-2.0709e-05
3300	-2.1771e-05
3200	-2.4045e-05
3100	-2.2573e-05
3000	-2.5939e-05
1300	-4.528e-06
1200	-4.979e-06
1100	-3.837e-06
1000	-3.998e-06
900	-3.035e-06
800	-2.685e-06
700	-2.384e-06
600	-1.974e-06
500	-1.974e-06
400	-1.483e-06
300	-1.804e-06
200	-9.92e-07
100	-2.585e-06
1400	-7.034e-06
1500	-7.003e-06
1600	-8.366e-06
1700	-7.234e-06
1800	-7.685e-06
1900	-6.873e-06
2000	-8.005e-06
2100	-6.863e-06
2200	-1.2624e-05
2300	-1.3605e-05
2400	-1.6601e-05
2500	-2.7442e-05
2600	-2.0378e-05
2700	-2.7422e-05
2800	-2.11e-05
2900	-2.14e-05